42031767
42030152
42030151
42029163
42026083
42020866
42020757
42020376
42018639
42018630
42018629
42014718
42012953
42012945
42012347
42012343
42010248
42009687
42009674
42009661
42008679
42008668
41997959
41997940
41997920
41997919
41997128
41997123
41996507
41996159
41995468
41991916
41991515
41990130
41986627
41986625
41986341
41984978
41984966
41984965
41984952
41984945
41983923
41983921
41980989
41980962
41980943
41973929
42048591
42045241
42045240
42045193
42045182
42044333
42054468
42054463
42054451
42053415
42050182
42049739
42049711
42054468
42054463
42054451
42053415
42050182
42049739
42049711
42060766
42060765
42060756
42060751
42056545
42056544
42066091
42066080
42062292
42089782
42086896
42086597
42086569
42086551
42086290
42085151
42082460
42102203
42102190
42101993
42098152
42098114
42096520
42092132
42091870
42091599
42102203
42102190
42101993
42098152
42098114
42096520
42092132
42091870
42091599
42113977
42113975
42106384
42106330
42118841
42117996
42115173
42108286
42129566
42129549
42129378
42129217
42129209
42127204
42127104
42120416
42120410
42120408
42120380
42139288
42139287
42136686
42136685
42135531
42135287
42135283
42154550
42154549
42153831
42153825
42151176
42151140
42151138
42151132
42150092
42150072
42160435
42160416
42160341
42156763
42156545
42188726
42185313
42185285
